{
 "cells": [
  {
   "cell_type": "markdown",
   "id": "2605f81a",
   "metadata": {},
   "source": [
    "# <h1><center>BOSTON HOUSE PRICE PREDICTION</center></h1>"
   ]
  },
  {
   "cell_type": "markdown",
   "id": "fa3c35c7",
   "metadata": {},
   "source": [
    "In this Assignment, the tasks considered based on the available features is as follows:</br>\n",
    "<ol>\n",
    "    <li>EDA and Pre-processing for the given dataset, if any</li>\n",
    "    <li>Obtaining the Training Scores</li>\n",
    "    <li>Geting all the Error Scores</li>\n",
    "</ol>"
   ]
  },
  {
   "cell_type": "code",
   "execution_count": 22,
   "id": "3b84dda9",
   "metadata": {},
   "outputs": [],
   "source": [
    "#Importing the Reguired Libraries\n",
    "import numpy as np\n",
    "import pandas as pd\n",
    "from sklearn.model_selection import ShuffleSplit\n",
    "\n",
    "\n",
    "# Import supplementary visualizations code visuals.py\n",
    "import visuals as vs\n",
    "\n",
    "# Pretty display for notebooks\n",
    "import seaborn as sns\n",
    "from matplotlib import pyplot as plt\n",
    "%matplotlib inline\n",
    "\n",
    "\n",
    "import warnings\n",
    "warnings.filterwarnings(\"ignore\")"
   ]
  },
  {
   "cell_type": "code",
   "execution_count": 4,
   "id": "fc21bc85",
   "metadata": {},
   "outputs": [],
   "source": [
    "#load/Read the given dataset\n",
    "data = pd.read_csv('Boston_Train.csv')"
   ]
  },
  {
   "cell_type": "markdown",
   "id": "6c536163",
   "metadata": {},
   "source": [
    "<h2> Dataset Description</h2>\n",
    "<p>The Boston Housing Dataset is a derived from information collected by the U.S. Census Service concerning housing in the area of Boston MA. The following describes the dataset columns:</p>\n",
    "<ul>\n",
    "    <li>CRIM - per capita crime rate by town</li>\n",
    "    <li>ZN - proportion of residential land zoned for lots over 25,000 sq. ft.</li>\n",
    "    <li>INDUS - proportion of non-retail business acres per town.</li>\n",
    "    <li>CHAS - Charles River dummy variable (1 if tract bounds river; 0 otherwise)</li>\n",
    "    <li>NOX - nitric oxides concentration (parts per 10 million)</li>\n",
    "    <li>RM - average number of rooms per dwelling</li>\n",
    "    <li>AGE - proportion of owner-occupied units built prior to 1940</li>\n",
    "    <li>DIS - weighted distances to five Boston employment centers</li>\n",
    "    <li>RAD - index of accessibility to radial highways</li>\n",
    "    <li>TAX - full-value property-tax rate per 10,000</li>\n",
    "    <li>PTRATIO - pupil-teacher ratio by town</li>\n",
    "    <li>B - 1000(Bk - 0.63)^2 where Bk is the proportion of blacks by town</li>\n",
    "    <li>LSTAT - % lower status of the population</li>\n",
    "    <li>MEDV - Median value of owner-occupied homes in 1000's</li>\n",
    "</ul>"
   ]
  },
  {
   "cell_type": "code",
   "execution_count": 5,
   "id": "bdb004a5",
   "metadata": {},
   "outputs": [
    {
     "data": {
      "text/html": [
       "<div>\n",
       "<style scoped>\n",
       "    .dataframe tbody tr th:only-of-type {\n",
       "        vertical-align: middle;\n",
       "    }\n",
       "\n",
       "    .dataframe tbody tr th {\n",
       "        vertical-align: top;\n",
       "    }\n",
       "\n",
       "    .dataframe thead th {\n",
       "        text-align: right;\n",
       "    }\n",
       "</style>\n",
       "<table border=\"1\" class=\"dataframe\">\n",
       "  <thead>\n",
       "    <tr style=\"text-align: right;\">\n",
       "      <th></th>\n",
       "      <th>Unnamed: 0</th>\n",
       "      <th>crim</th>\n",
       "      <th>zn</th>\n",
       "      <th>indus</th>\n",
       "      <th>chas</th>\n",
       "      <th>nox</th>\n",
       "      <th>rm</th>\n",
       "      <th>age</th>\n",
       "      <th>dis</th>\n",
       "      <th>rad</th>\n",
       "      <th>tax</th>\n",
       "      <th>ptratio</th>\n",
       "      <th>black</th>\n",
       "      <th>lstat</th>\n",
       "      <th>medv</th>\n",
       "    </tr>\n",
       "  </thead>\n",
       "  <tbody>\n",
       "    <tr>\n",
       "      <th>0</th>\n",
       "      <td>0</td>\n",
       "      <td>0.00632</td>\n",
       "      <td>18.0</td>\n",
       "      <td>2.31</td>\n",
       "      <td>0</td>\n",
       "      <td>0.538</td>\n",
       "      <td>6.575</td>\n",
       "      <td>65.2</td>\n",
       "      <td>4.0900</td>\n",
       "      <td>1</td>\n",
       "      <td>296</td>\n",
       "      <td>15.3</td>\n",
       "      <td>396.90</td>\n",
       "      <td>4.98</td>\n",
       "      <td>24.0</td>\n",
       "    </tr>\n",
       "    <tr>\n",
       "      <th>1</th>\n",
       "      <td>1</td>\n",
       "      <td>0.02731</td>\n",
       "      <td>0.0</td>\n",
       "      <td>7.07</td>\n",
       "      <td>0</td>\n",
       "      <td>0.469</td>\n",
       "      <td>6.421</td>\n",
       "      <td>78.9</td>\n",
       "      <td>4.9671</td>\n",
       "      <td>2</td>\n",
       "      <td>242</td>\n",
       "      <td>17.8</td>\n",
       "      <td>396.90</td>\n",
       "      <td>9.14</td>\n",
       "      <td>21.6</td>\n",
       "    </tr>\n",
       "    <tr>\n",
       "      <th>2</th>\n",
       "      <td>2</td>\n",
       "      <td>0.02729</td>\n",
       "      <td>0.0</td>\n",
       "      <td>7.07</td>\n",
       "      <td>0</td>\n",
       "      <td>0.469</td>\n",
       "      <td>7.185</td>\n",
       "      <td>61.1</td>\n",
       "      <td>4.9671</td>\n",
       "      <td>2</td>\n",
       "      <td>242</td>\n",
       "      <td>17.8</td>\n",
       "      <td>392.83</td>\n",
       "      <td>4.03</td>\n",
       "      <td>34.7</td>\n",
       "    </tr>\n",
       "    <tr>\n",
       "      <th>3</th>\n",
       "      <td>3</td>\n",
       "      <td>0.03237</td>\n",
       "      <td>0.0</td>\n",
       "      <td>2.18</td>\n",
       "      <td>0</td>\n",
       "      <td>0.458</td>\n",
       "      <td>6.998</td>\n",
       "      <td>45.8</td>\n",
       "      <td>6.0622</td>\n",
       "      <td>3</td>\n",
       "      <td>222</td>\n",
       "      <td>18.7</td>\n",
       "      <td>394.63</td>\n",
       "      <td>2.94</td>\n",
       "      <td>33.4</td>\n",
       "    </tr>\n",
       "    <tr>\n",
       "      <th>4</th>\n",
       "      <td>4</td>\n",
       "      <td>0.06905</td>\n",
       "      <td>0.0</td>\n",
       "      <td>2.18</td>\n",
       "      <td>0</td>\n",
       "      <td>0.458</td>\n",
       "      <td>7.147</td>\n",
       "      <td>54.2</td>\n",
       "      <td>6.0622</td>\n",
       "      <td>3</td>\n",
       "      <td>222</td>\n",
       "      <td>18.7</td>\n",
       "      <td>396.90</td>\n",
       "      <td>5.33</td>\n",
       "      <td>36.2</td>\n",
       "    </tr>\n",
       "  </tbody>\n",
       "</table>\n",
       "</div>"
      ],
      "text/plain": [
       "   Unnamed: 0     crim    zn  indus  chas    nox     rm   age     dis  rad  \\\n",
       "0           0  0.00632  18.0   2.31     0  0.538  6.575  65.2  4.0900    1   \n",
       "1           1  0.02731   0.0   7.07     0  0.469  6.421  78.9  4.9671    2   \n",
       "2           2  0.02729   0.0   7.07     0  0.469  7.185  61.1  4.9671    2   \n",
       "3           3  0.03237   0.0   2.18     0  0.458  6.998  45.8  6.0622    3   \n",
       "4           4  0.06905   0.0   2.18     0  0.458  7.147  54.2  6.0622    3   \n",
       "\n",
       "   tax  ptratio   black  lstat  medv  \n",
       "0  296     15.3  396.90   4.98  24.0  \n",
       "1  242     17.8  396.90   9.14  21.6  \n",
       "2  242     17.8  392.83   4.03  34.7  \n",
       "3  222     18.7  394.63   2.94  33.4  \n",
       "4  222     18.7  396.90   5.33  36.2  "
      ]
     },
     "execution_count": 5,
     "metadata": {},
     "output_type": "execute_result"
    }
   ],
   "source": [
    "data.head(5)"
   ]
  },
  {
   "cell_type": "code",
   "execution_count": 6,
   "id": "4304a78d",
   "metadata": {},
   "outputs": [
    {
     "data": {
      "text/plain": [
       "Index(['Unnamed: 0', 'crim', 'zn', 'indus', 'chas', 'nox', 'rm', 'age', 'dis',\n",
       "       'rad', 'tax', 'ptratio', 'black', 'lstat', 'medv'],\n",
       "      dtype='object')"
      ]
     },
     "execution_count": 6,
     "metadata": {},
     "output_type": "execute_result"
    }
   ],
   "source": [
    "data.columns"
   ]
  },
  {
   "cell_type": "code",
   "execution_count": 16,
   "id": "b831aeb2",
   "metadata": {},
   "outputs": [],
   "source": [
    "data.drop(data.columns[data.columns.str.contains('unnamed',case = False)],axis = 1, inplace = True)"
   ]
  },
  {
   "cell_type": "code",
   "execution_count": 17,
   "id": "cb6637b3",
   "metadata": {},
   "outputs": [
    {
     "data": {
      "text/plain": [
       "(351, 14)"
      ]
     },
     "execution_count": 17,
     "metadata": {},
     "output_type": "execute_result"
    }
   ],
   "source": [
    "data.shape"
   ]
  },
  {
   "cell_type": "code",
   "execution_count": 24,
   "id": "cf060765",
   "metadata": {},
   "outputs": [
    {
     "data": {
      "text/plain": [
       "0"
      ]
     },
     "execution_count": 24,
     "metadata": {},
     "output_type": "execute_result"
    }
   ],
   "source": [
    "data.isna().sum().sum()"
   ]
  },
  {
   "cell_type": "code",
   "execution_count": 25,
   "id": "2a80b036",
   "metadata": {},
   "outputs": [
    {
     "data": {
      "text/plain": [
       "0"
      ]
     },
     "execution_count": 25,
     "metadata": {},
     "output_type": "execute_result"
    }
   ],
   "source": [
    "data.duplicated().sum()"
   ]
  },
  {
   "cell_type": "markdown",
   "id": "c63a2cd3",
   "metadata": {},
   "source": [
    "<h2>Data Exploration - statistical Analysis</h2>"
   ]
  },
  {
   "cell_type": "code",
   "execution_count": 10,
   "id": "41da0b08",
   "metadata": {},
   "outputs": [
    {
     "name": "stdout",
     "output_type": "stream",
     "text": [
      "<class 'pandas.core.frame.DataFrame'>\n",
      "RangeIndex: 351 entries, 0 to 350\n",
      "Data columns (total 15 columns):\n",
      " #   Column      Non-Null Count  Dtype  \n",
      "---  ------      --------------  -----  \n",
      " 0   Unnamed: 0  351 non-null    int64  \n",
      " 1   crim        351 non-null    float64\n",
      " 2   zn          351 non-null    float64\n",
      " 3   indus       351 non-null    float64\n",
      " 4   chas        351 non-null    int64  \n",
      " 5   nox         351 non-null    float64\n",
      " 6   rm          351 non-null    float64\n",
      " 7   age         351 non-null    float64\n",
      " 8   dis         351 non-null    float64\n",
      " 9   rad         351 non-null    int64  \n",
      " 10  tax         351 non-null    int64  \n",
      " 11  ptratio     351 non-null    float64\n",
      " 12  black       351 non-null    float64\n",
      " 13  lstat       351 non-null    float64\n",
      " 14  medv        351 non-null    float64\n",
      "dtypes: float64(11), int64(4)\n",
      "memory usage: 41.3 KB\n"
     ]
    }
   ],
   "source": [
    "data.info()"
   ]
  },
  {
   "cell_type": "code",
   "execution_count": 18,
   "id": "ff158493",
   "metadata": {},
   "outputs": [
    {
     "data": {
      "text/html": [
       "<div>\n",
       "<style scoped>\n",
       "    .dataframe tbody tr th:only-of-type {\n",
       "        vertical-align: middle;\n",
       "    }\n",
       "\n",
       "    .dataframe tbody tr th {\n",
       "        vertical-align: top;\n",
       "    }\n",
       "\n",
       "    .dataframe thead th {\n",
       "        text-align: right;\n",
       "    }\n",
       "</style>\n",
       "<table border=\"1\" class=\"dataframe\">\n",
       "  <thead>\n",
       "    <tr style=\"text-align: right;\">\n",
       "      <th></th>\n",
       "      <th>crim</th>\n",
       "      <th>zn</th>\n",
       "      <th>indus</th>\n",
       "      <th>chas</th>\n",
       "      <th>nox</th>\n",
       "      <th>rm</th>\n",
       "      <th>age</th>\n",
       "      <th>dis</th>\n",
       "      <th>rad</th>\n",
       "      <th>tax</th>\n",
       "      <th>ptratio</th>\n",
       "      <th>black</th>\n",
       "      <th>lstat</th>\n",
       "      <th>medv</th>\n",
       "    </tr>\n",
       "  </thead>\n",
       "  <tbody>\n",
       "    <tr>\n",
       "      <th>count</th>\n",
       "      <td>351.000000</td>\n",
       "      <td>351.000000</td>\n",
       "      <td>351.000000</td>\n",
       "      <td>351.000000</td>\n",
       "      <td>351.000000</td>\n",
       "      <td>351.000000</td>\n",
       "      <td>351.000000</td>\n",
       "      <td>351.000000</td>\n",
       "      <td>351.000000</td>\n",
       "      <td>351.000000</td>\n",
       "      <td>351.000000</td>\n",
       "      <td>351.000000</td>\n",
       "      <td>351.000000</td>\n",
       "      <td>351.000000</td>\n",
       "    </tr>\n",
       "    <tr>\n",
       "      <th>mean</th>\n",
       "      <td>0.401659</td>\n",
       "      <td>15.327635</td>\n",
       "      <td>8.435670</td>\n",
       "      <td>0.076923</td>\n",
       "      <td>0.510737</td>\n",
       "      <td>6.403900</td>\n",
       "      <td>60.817949</td>\n",
       "      <td>4.420862</td>\n",
       "      <td>4.472934</td>\n",
       "      <td>310.344729</td>\n",
       "      <td>17.707692</td>\n",
       "      <td>380.489174</td>\n",
       "      <td>10.407692</td>\n",
       "      <td>25.062678</td>\n",
       "    </tr>\n",
       "    <tr>\n",
       "      <th>std</th>\n",
       "      <td>0.641716</td>\n",
       "      <td>25.605040</td>\n",
       "      <td>6.088947</td>\n",
       "      <td>0.266850</td>\n",
       "      <td>0.102256</td>\n",
       "      <td>0.676424</td>\n",
       "      <td>28.393094</td>\n",
       "      <td>1.968666</td>\n",
       "      <td>1.615543</td>\n",
       "      <td>67.577707</td>\n",
       "      <td>2.198252</td>\n",
       "      <td>40.455904</td>\n",
       "      <td>5.888639</td>\n",
       "      <td>8.461918</td>\n",
       "    </tr>\n",
       "    <tr>\n",
       "      <th>min</th>\n",
       "      <td>0.006320</td>\n",
       "      <td>0.000000</td>\n",
       "      <td>0.460000</td>\n",
       "      <td>0.000000</td>\n",
       "      <td>0.385000</td>\n",
       "      <td>4.903000</td>\n",
       "      <td>2.900000</td>\n",
       "      <td>1.321600</td>\n",
       "      <td>1.000000</td>\n",
       "      <td>188.000000</td>\n",
       "      <td>12.600000</td>\n",
       "      <td>70.800000</td>\n",
       "      <td>1.730000</td>\n",
       "      <td>11.800000</td>\n",
       "    </tr>\n",
       "    <tr>\n",
       "      <th>25%</th>\n",
       "      <td>0.057845</td>\n",
       "      <td>0.000000</td>\n",
       "      <td>4.025000</td>\n",
       "      <td>0.000000</td>\n",
       "      <td>0.437450</td>\n",
       "      <td>5.949500</td>\n",
       "      <td>36.150000</td>\n",
       "      <td>2.768500</td>\n",
       "      <td>4.000000</td>\n",
       "      <td>264.000000</td>\n",
       "      <td>16.100000</td>\n",
       "      <td>383.670000</td>\n",
       "      <td>6.095000</td>\n",
       "      <td>19.500000</td>\n",
       "    </tr>\n",
       "    <tr>\n",
       "      <th>50%</th>\n",
       "      <td>0.132620</td>\n",
       "      <td>0.000000</td>\n",
       "      <td>6.200000</td>\n",
       "      <td>0.000000</td>\n",
       "      <td>0.493000</td>\n",
       "      <td>6.266000</td>\n",
       "      <td>62.000000</td>\n",
       "      <td>4.095200</td>\n",
       "      <td>4.000000</td>\n",
       "      <td>304.000000</td>\n",
       "      <td>17.900000</td>\n",
       "      <td>392.690000</td>\n",
       "      <td>9.380000</td>\n",
       "      <td>22.900000</td>\n",
       "    </tr>\n",
       "    <tr>\n",
       "      <th>75%</th>\n",
       "      <td>0.404865</td>\n",
       "      <td>22.000000</td>\n",
       "      <td>10.010000</td>\n",
       "      <td>0.000000</td>\n",
       "      <td>0.544000</td>\n",
       "      <td>6.733000</td>\n",
       "      <td>88.450000</td>\n",
       "      <td>5.871800</td>\n",
       "      <td>5.000000</td>\n",
       "      <td>358.000000</td>\n",
       "      <td>19.100000</td>\n",
       "      <td>396.220000</td>\n",
       "      <td>13.210000</td>\n",
       "      <td>28.700000</td>\n",
       "    </tr>\n",
       "    <tr>\n",
       "      <th>max</th>\n",
       "      <td>4.097400</td>\n",
       "      <td>100.000000</td>\n",
       "      <td>25.650000</td>\n",
       "      <td>1.000000</td>\n",
       "      <td>0.871000</td>\n",
       "      <td>8.725000</td>\n",
       "      <td>100.000000</td>\n",
       "      <td>9.222900</td>\n",
       "      <td>8.000000</td>\n",
       "      <td>469.000000</td>\n",
       "      <td>21.200000</td>\n",
       "      <td>396.900000</td>\n",
       "      <td>34.410000</td>\n",
       "      <td>50.000000</td>\n",
       "    </tr>\n",
       "  </tbody>\n",
       "</table>\n",
       "</div>"
      ],
      "text/plain": [
       "             crim          zn       indus        chas         nox          rm  \\\n",
       "count  351.000000  351.000000  351.000000  351.000000  351.000000  351.000000   \n",
       "mean     0.401659   15.327635    8.435670    0.076923    0.510737    6.403900   \n",
       "std      0.641716   25.605040    6.088947    0.266850    0.102256    0.676424   \n",
       "min      0.006320    0.000000    0.460000    0.000000    0.385000    4.903000   \n",
       "25%      0.057845    0.000000    4.025000    0.000000    0.437450    5.949500   \n",
       "50%      0.132620    0.000000    6.200000    0.000000    0.493000    6.266000   \n",
       "75%      0.404865   22.000000   10.010000    0.000000    0.544000    6.733000   \n",
       "max      4.097400  100.000000   25.650000    1.000000    0.871000    8.725000   \n",
       "\n",
       "              age         dis         rad         tax     ptratio       black  \\\n",
       "count  351.000000  351.000000  351.000000  351.000000  351.000000  351.000000   \n",
       "mean    60.817949    4.420862    4.472934  310.344729   17.707692  380.489174   \n",
       "std     28.393094    1.968666    1.615543   67.577707    2.198252   40.455904   \n",
       "min      2.900000    1.321600    1.000000  188.000000   12.600000   70.800000   \n",
       "25%     36.150000    2.768500    4.000000  264.000000   16.100000  383.670000   \n",
       "50%     62.000000    4.095200    4.000000  304.000000   17.900000  392.690000   \n",
       "75%     88.450000    5.871800    5.000000  358.000000   19.100000  396.220000   \n",
       "max    100.000000    9.222900    8.000000  469.000000   21.200000  396.900000   \n",
       "\n",
       "            lstat        medv  \n",
       "count  351.000000  351.000000  \n",
       "mean    10.407692   25.062678  \n",
       "std      5.888639    8.461918  \n",
       "min      1.730000   11.800000  \n",
       "25%      6.095000   19.500000  \n",
       "50%      9.380000   22.900000  \n",
       "75%     13.210000   28.700000  \n",
       "max     34.410000   50.000000  "
      ]
     },
     "execution_count": 18,
     "metadata": {},
     "output_type": "execute_result"
    }
   ],
   "source": [
    "data.describe()"
   ]
  },
  {
   "cell_type": "code",
   "execution_count": 19,
   "id": "0bc18dde",
   "metadata": {},
   "outputs": [],
   "source": [
    "prices = data['medv']\n",
    "features = data.drop('medv', axis = 1)"
   ]
  },
  {
   "cell_type": "code",
   "execution_count": 20,
   "id": "1e881fb0",
   "metadata": {},
   "outputs": [
    {
     "data": {
      "text/html": [
       "<div>\n",
       "<style scoped>\n",
       "    .dataframe tbody tr th:only-of-type {\n",
       "        vertical-align: middle;\n",
       "    }\n",
       "\n",
       "    .dataframe tbody tr th {\n",
       "        vertical-align: top;\n",
       "    }\n",
       "\n",
       "    .dataframe thead th {\n",
       "        text-align: right;\n",
       "    }\n",
       "</style>\n",
       "<table border=\"1\" class=\"dataframe\">\n",
       "  <thead>\n",
       "    <tr style=\"text-align: right;\">\n",
       "      <th></th>\n",
       "      <th>crim</th>\n",
       "      <th>zn</th>\n",
       "      <th>indus</th>\n",
       "      <th>chas</th>\n",
       "      <th>nox</th>\n",
       "      <th>rm</th>\n",
       "      <th>age</th>\n",
       "      <th>dis</th>\n",
       "      <th>rad</th>\n",
       "      <th>tax</th>\n",
       "      <th>ptratio</th>\n",
       "      <th>black</th>\n",
       "      <th>lstat</th>\n",
       "    </tr>\n",
       "  </thead>\n",
       "  <tbody>\n",
       "    <tr>\n",
       "      <th>crim</th>\n",
       "      <td>1.000000</td>\n",
       "      <td>-0.298187</td>\n",
       "      <td>0.557235</td>\n",
       "      <td>0.129417</td>\n",
       "      <td>0.773321</td>\n",
       "      <td>-0.232369</td>\n",
       "      <td>0.487005</td>\n",
       "      <td>-0.490656</td>\n",
       "      <td>0.140519</td>\n",
       "      <td>0.406203</td>\n",
       "      <td>-0.222599</td>\n",
       "      <td>-0.522173</td>\n",
       "      <td>0.406877</td>\n",
       "    </tr>\n",
       "    <tr>\n",
       "      <th>zn</th>\n",
       "      <td>-0.298187</td>\n",
       "      <td>1.000000</td>\n",
       "      <td>-0.461280</td>\n",
       "      <td>-0.060150</td>\n",
       "      <td>-0.453540</td>\n",
       "      <td>0.327331</td>\n",
       "      <td>-0.516954</td>\n",
       "      <td>0.592013</td>\n",
       "      <td>-0.187620</td>\n",
       "      <td>-0.109459</td>\n",
       "      <td>-0.323917</td>\n",
       "      <td>0.141986</td>\n",
       "      <td>-0.384008</td>\n",
       "    </tr>\n",
       "    <tr>\n",
       "      <th>indus</th>\n",
       "      <td>0.557235</td>\n",
       "      <td>-0.461280</td>\n",
       "      <td>1.000000</td>\n",
       "      <td>0.127674</td>\n",
       "      <td>0.669111</td>\n",
       "      <td>-0.384208</td>\n",
       "      <td>0.525184</td>\n",
       "      <td>-0.594800</td>\n",
       "      <td>0.018118</td>\n",
       "      <td>0.437328</td>\n",
       "      <td>0.101026</td>\n",
       "      <td>-0.311502</td>\n",
       "      <td>0.512586</td>\n",
       "    </tr>\n",
       "    <tr>\n",
       "      <th>chas</th>\n",
       "      <td>0.129417</td>\n",
       "      <td>-0.060150</td>\n",
       "      <td>0.127674</td>\n",
       "      <td>1.000000</td>\n",
       "      <td>0.131093</td>\n",
       "      <td>0.037826</td>\n",
       "      <td>0.129274</td>\n",
       "      <td>-0.153217</td>\n",
       "      <td>0.087686</td>\n",
       "      <td>-0.029835</td>\n",
       "      <td>-0.133981</td>\n",
       "      <td>-0.054426</td>\n",
       "      <td>0.062915</td>\n",
       "    </tr>\n",
       "    <tr>\n",
       "      <th>nox</th>\n",
       "      <td>0.773321</td>\n",
       "      <td>-0.453540</td>\n",
       "      <td>0.669111</td>\n",
       "      <td>0.131093</td>\n",
       "      <td>1.000000</td>\n",
       "      <td>-0.262861</td>\n",
       "      <td>0.667044</td>\n",
       "      <td>-0.719072</td>\n",
       "      <td>0.138287</td>\n",
       "      <td>0.394700</td>\n",
       "      <td>-0.188388</td>\n",
       "      <td>-0.427552</td>\n",
       "      <td>0.488516</td>\n",
       "    </tr>\n",
       "    <tr>\n",
       "      <th>rm</th>\n",
       "      <td>-0.232369</td>\n",
       "      <td>0.327331</td>\n",
       "      <td>-0.384208</td>\n",
       "      <td>0.037826</td>\n",
       "      <td>-0.262861</td>\n",
       "      <td>1.000000</td>\n",
       "      <td>-0.179751</td>\n",
       "      <td>0.095919</td>\n",
       "      <td>0.094140</td>\n",
       "      <td>-0.204730</td>\n",
       "      <td>-0.328928</td>\n",
       "      <td>0.166340</td>\n",
       "      <td>-0.680006</td>\n",
       "    </tr>\n",
       "    <tr>\n",
       "      <th>age</th>\n",
       "      <td>0.487005</td>\n",
       "      <td>-0.516954</td>\n",
       "      <td>0.525184</td>\n",
       "      <td>0.129274</td>\n",
       "      <td>0.667044</td>\n",
       "      <td>-0.179751</td>\n",
       "      <td>1.000000</td>\n",
       "      <td>-0.681234</td>\n",
       "      <td>0.126482</td>\n",
       "      <td>0.266733</td>\n",
       "      <td>0.049163</td>\n",
       "      <td>-0.229513</td>\n",
       "      <td>0.552882</td>\n",
       "    </tr>\n",
       "    <tr>\n",
       "      <th>dis</th>\n",
       "      <td>-0.490656</td>\n",
       "      <td>0.592013</td>\n",
       "      <td>-0.594800</td>\n",
       "      <td>-0.153217</td>\n",
       "      <td>-0.719072</td>\n",
       "      <td>0.095919</td>\n",
       "      <td>-0.681234</td>\n",
       "      <td>1.000000</td>\n",
       "      <td>-0.104500</td>\n",
       "      <td>-0.229837</td>\n",
       "      <td>0.023590</td>\n",
       "      <td>0.235331</td>\n",
       "      <td>-0.343134</td>\n",
       "    </tr>\n",
       "    <tr>\n",
       "      <th>rad</th>\n",
       "      <td>0.140519</td>\n",
       "      <td>-0.187620</td>\n",
       "      <td>0.018118</td>\n",
       "      <td>0.087686</td>\n",
       "      <td>0.138287</td>\n",
       "      <td>0.094140</td>\n",
       "      <td>0.126482</td>\n",
       "      <td>-0.104500</td>\n",
       "      <td>1.000000</td>\n",
       "      <td>0.229822</td>\n",
       "      <td>-0.023634</td>\n",
       "      <td>-0.060212</td>\n",
       "      <td>-0.026626</td>\n",
       "    </tr>\n",
       "    <tr>\n",
       "      <th>tax</th>\n",
       "      <td>0.406203</td>\n",
       "      <td>-0.109459</td>\n",
       "      <td>0.437328</td>\n",
       "      <td>-0.029835</td>\n",
       "      <td>0.394700</td>\n",
       "      <td>-0.204730</td>\n",
       "      <td>0.266733</td>\n",
       "      <td>-0.229837</td>\n",
       "      <td>0.229822</td>\n",
       "      <td>1.000000</td>\n",
       "      <td>-0.011439</td>\n",
       "      <td>-0.270342</td>\n",
       "      <td>0.240023</td>\n",
       "    </tr>\n",
       "    <tr>\n",
       "      <th>ptratio</th>\n",
       "      <td>-0.222599</td>\n",
       "      <td>-0.323917</td>\n",
       "      <td>0.101026</td>\n",
       "      <td>-0.133981</td>\n",
       "      <td>-0.188388</td>\n",
       "      <td>-0.328928</td>\n",
       "      <td>0.049163</td>\n",
       "      <td>0.023590</td>\n",
       "      <td>-0.023634</td>\n",
       "      <td>-0.011439</td>\n",
       "      <td>1.000000</td>\n",
       "      <td>0.109199</td>\n",
       "      <td>0.214381</td>\n",
       "    </tr>\n",
       "    <tr>\n",
       "      <th>black</th>\n",
       "      <td>-0.522173</td>\n",
       "      <td>0.141986</td>\n",
       "      <td>-0.311502</td>\n",
       "      <td>-0.054426</td>\n",
       "      <td>-0.427552</td>\n",
       "      <td>0.166340</td>\n",
       "      <td>-0.229513</td>\n",
       "      <td>0.235331</td>\n",
       "      <td>-0.060212</td>\n",
       "      <td>-0.270342</td>\n",
       "      <td>0.109199</td>\n",
       "      <td>1.000000</td>\n",
       "      <td>-0.228561</td>\n",
       "    </tr>\n",
       "    <tr>\n",
       "      <th>lstat</th>\n",
       "      <td>0.406877</td>\n",
       "      <td>-0.384008</td>\n",
       "      <td>0.512586</td>\n",
       "      <td>0.062915</td>\n",
       "      <td>0.488516</td>\n",
       "      <td>-0.680006</td>\n",
       "      <td>0.552882</td>\n",
       "      <td>-0.343134</td>\n",
       "      <td>-0.026626</td>\n",
       "      <td>0.240023</td>\n",
       "      <td>0.214381</td>\n",
       "      <td>-0.228561</td>\n",
       "      <td>1.000000</td>\n",
       "    </tr>\n",
       "  </tbody>\n",
       "</table>\n",
       "</div>"
      ],
      "text/plain": [
       "             crim        zn     indus      chas       nox        rm       age  \\\n",
       "crim     1.000000 -0.298187  0.557235  0.129417  0.773321 -0.232369  0.487005   \n",
       "zn      -0.298187  1.000000 -0.461280 -0.060150 -0.453540  0.327331 -0.516954   \n",
       "indus    0.557235 -0.461280  1.000000  0.127674  0.669111 -0.384208  0.525184   \n",
       "chas     0.129417 -0.060150  0.127674  1.000000  0.131093  0.037826  0.129274   \n",
       "nox      0.773321 -0.453540  0.669111  0.131093  1.000000 -0.262861  0.667044   \n",
       "rm      -0.232369  0.327331 -0.384208  0.037826 -0.262861  1.000000 -0.179751   \n",
       "age      0.487005 -0.516954  0.525184  0.129274  0.667044 -0.179751  1.000000   \n",
       "dis     -0.490656  0.592013 -0.594800 -0.153217 -0.719072  0.095919 -0.681234   \n",
       "rad      0.140519 -0.187620  0.018118  0.087686  0.138287  0.094140  0.126482   \n",
       "tax      0.406203 -0.109459  0.437328 -0.029835  0.394700 -0.204730  0.266733   \n",
       "ptratio -0.222599 -0.323917  0.101026 -0.133981 -0.188388 -0.328928  0.049163   \n",
       "black   -0.522173  0.141986 -0.311502 -0.054426 -0.427552  0.166340 -0.229513   \n",
       "lstat    0.406877 -0.384008  0.512586  0.062915  0.488516 -0.680006  0.552882   \n",
       "\n",
       "              dis       rad       tax   ptratio     black     lstat  \n",
       "crim    -0.490656  0.140519  0.406203 -0.222599 -0.522173  0.406877  \n",
       "zn       0.592013 -0.187620 -0.109459 -0.323917  0.141986 -0.384008  \n",
       "indus   -0.594800  0.018118  0.437328  0.101026 -0.311502  0.512586  \n",
       "chas    -0.153217  0.087686 -0.029835 -0.133981 -0.054426  0.062915  \n",
       "nox     -0.719072  0.138287  0.394700 -0.188388 -0.427552  0.488516  \n",
       "rm       0.095919  0.094140 -0.204730 -0.328928  0.166340 -0.680006  \n",
       "age     -0.681234  0.126482  0.266733  0.049163 -0.229513  0.552882  \n",
       "dis      1.000000 -0.104500 -0.229837  0.023590  0.235331 -0.343134  \n",
       "rad     -0.104500  1.000000  0.229822 -0.023634 -0.060212 -0.026626  \n",
       "tax     -0.229837  0.229822  1.000000 -0.011439 -0.270342  0.240023  \n",
       "ptratio  0.023590 -0.023634 -0.011439  1.000000  0.109199  0.214381  \n",
       "black    0.235331 -0.060212 -0.270342  0.109199  1.000000 -0.228561  \n",
       "lstat   -0.343134 -0.026626  0.240023  0.214381 -0.228561  1.000000  "
      ]
     },
     "execution_count": 20,
     "metadata": {},
     "output_type": "execute_result"
    }
   ],
   "source": [
    "#correlation between the attributes\n",
    "correlation = features.corr()\n",
    "correlation"
   ]
  },
  {
   "cell_type": "code",
   "execution_count": 23,
   "id": "19174f6b",
   "metadata": {},
   "outputs": [
    {
     "data": {
      "text/plain": [
       "<AxesSubplot:>"
      ]
     },
     "execution_count": 23,
     "metadata": {},
     "output_type": "execute_result"
    },
    {
     "data": {
